    0.00    6.80    0.00
    0.00    6.80   -0.01
    0.04    0.21   -0.07
    0.01    6.80   -0.00
    0.05    0.30   -0.11
    0.06    0.25   -0.08
    0.07    0.56   -0.09
    0.08    0.45   -0.05
    0.07    0.77   -0.11
    0.08    0.57   -0.08
    0.08    0.50   -0.07
    0.47  -36.58    0.25
    0.09    0.40   -0.00
    0.59  -14.50   -0.08
    0.56   -5.61    0.06
    0.19    3.60    0.11
    0.96  -10.59   -0.00
    1.09  -12.81   -0.02
    0.96   -8.56    0.01
    0.82   -6.08   -0.03
    0.72   -3.95   -0.02
    0.97   -6.86   -0.03
    0.10    7.00    0.01
    0.02    8.10    0.10
    1.14   -6.47    0.03
    0.97   -3.91   -0.03
    1.20   -5.29    0.06
    1.47   -7.91   -0.08
    1.17   -3.91   -0.05
    0.13    7.03   -0.01
    0.10    7.36   -0.02
    0.10    7.36   -0.02
    0.55    3.05   -0.03
    0.14    7.03   -0.00
    0.14    7.03    0.01
    1.37   -4.38   -0.14
    0.10    7.36   -0.02
    0.14    7.03   -0.00
    1.40   -4.52   -0.13
    0.02    8.10    0.08
    0.14    7.03   -0.01
    0.14    7.03   -0.00
    0.14    7.03    0.00
    0.15    7.03   -0.00
    0.15    7.03   -0.01
    0.15    7.03   -0.01
    0.11    7.36   -0.04
    0.33    5.62   -0.01
    0.12    7.36   -0.04
    2.37  -10.25    0.06
    0.12    7.36   -0.03
    0.34    5.62   -0.01
    1.68   -4.64    0.15
    3.10  -15.47    0.15
    0.69    3.03    0.01
    2.35   -9.07   -0.02
    2.44   -9.60    0.00
    0.72    3.21   -0.01
    1.88   -4.86    0.05
    0.76    3.08   -0.01
    0.68    3.65   -0.02
    0.70    3.57   -0.03
    0.69    3.72   -0.02
    0.73    3.52   -0.03
    0.26    6.62   -0.02
    0.70    3.82   -0.03
    0.87    3.17    0.02
    0.63    4.57   -0.05
    0.88    3.17   -0.08
    0.51    5.35   -0.04
    0.90    3.18   -0.07
    0.94    2.96   -0.07
    2.04   -3.25   -0.01
    0.87    3.43   -0.04
    0.78    3.90    0.06
    0.87    3.43   -0.03
    0.88    3.43   -0.04
    0.96    2.96   -0.03
    5.10  -20.06   -0.15
    0.88    3.43   -0.01
    1.52   -0.11    0.01
    2.99   -8.11   -0.08
    0.89    3.43   -0.02
    0.89    3.43   -0.01
    1.55   -0.11    0.00
    0.91    3.43   -0.03
    3.12   -8.30   -0.13
    0.92    3.44   -0.04
    0.92    3.44    0.00
    2.04   -2.36   -0.00
    0.34    6.54   -0.08
    1.03    2.94   -0.01
    2.65   -5.50    0.02
    0.30    6.73   -0.05
    2.66   -5.41    0.00
    1.06    2.92   -0.04
    0.96    3.44    0.01
    0.25    7.08   -0.03
    1.10    2.91    0.03
    0.32    6.73   -0.05
    1.12    2.91   -0.00
    0.49    5.95    0.03
    0.85    4.26   -0.04
    2.57   -3.87   -0.01
    3.04   -6.07   -0.04
    0.95    3.81   -0.02
    1.96   -0.92   -0.01
    2.84   -4.84   -0.03
    0.67    5.24    0.03
    4.86  -13.75   -0.02
    0.52    5.96   -0.05
    0.52    5.96   -0.03
    1.22    2.86    0.01
    2.92   -4.75   -0.00
    2.42   -2.44    0.00
    0.53    5.96   -0.03
    0.53    5.96   -0.01
    0.53    5.96    0.02
    3.17   -5.68    0.08
    0.53    5.96   -0.01
    0.53    5.96   -0.01
    0.54    5.96    0.02
    0.54    5.96   -0.01
    2.84   -3.88   -0.03
    1.09    3.66    0.00
    2.74   -3.38   -0.03
    0.55    5.96    0.05
    3.30   -5.55    0.02
    0.46    6.37   -0.01
    0.46    6.37   -0.01
    1.34    2.82   -0.02
    0.47    6.38   -0.03
    1.08    3.93    0.02
    0.82    4.97   -0.00
    1.36    2.81   -0.05
    0.85    4.87   -0.01
    0.48    6.38   -0.02
    0.86    4.86   -0.01
    1.38    2.80    0.01
    0.48    6.38   -0.00
    0.90    4.73   -0.01
    0.89    4.78   -0.01
    0.90    4.76   -0.02
    0.87    4.89   -0.01
    0.28    7.21   -0.01
    0.94    4.65   -0.00
    0.49    6.38   -0.02
    0.76    5.36    0.00
    0.83    5.11    0.00
    0.91    4.80    0.01
    0.46    6.53   -0.02
    3.41   -4.71   -0.12
    3.50   -4.84    0.02
    0.51    6.39   -0.02
    3.51   -4.82    0.01
    0.51    6.39   -0.02
    0.52    6.39   -0.02
    0.73    5.60    0.16
    0.52    6.39   -0.03
    0.52    6.39   -0.02
    3.05   -2.95   -0.03
    0.52    6.39   -0.03
    0.74    5.60    0.01
    3.12   -2.86   -0.05
    1.12    4.46   -0.01
    1.13    4.46   -0.04
    1.13    4.46   -0.01
    3.52   -3.51   -0.01
    1.14    4.47   -0.02
    0.57    6.40   -0.04
    3.50   -3.26   -0.07
    0.58    6.39    0.03
    4.97   -8.02   -0.02
    0.58    6.39    0.03
    0.58    6.39    0.03
    0.59    6.39    0.03
    1.20    4.42   -0.01
    5.17   -8.25   -0.04
    4.16   -4.77    0.04
    3.93   -3.86   -0.15
    4.32   -5.01    0.02
    3.66   -2.90    0.01
    1.28    4.39   -0.02
    1.29    4.38    0.01
    1.15    4.81   -0.03
    3.87   -3.46   -0.04
    1.19    4.68   -0.02
    5.11   -7.22    0.11
    0.63    6.40    0.07
    1.22    4.62   -0.02
    0.93    5.50   -0.02
    3.82   -3.24    0.01
    0.93    5.49    0.09
    3.77   -3.01   -0.00
    0.94    5.49    0.10
    4.77   -5.90    0.09
    1.09    5.08   -0.02
    3.98   -3.50   -0.01
    0.64    6.41    0.07
    4.56   -5.15    0.06
    3.99   -3.40   -0.06
    1.10    5.08   -0.03
    1.10    5.08   -0.03
    1.10    5.08   -0.00
    4.46   -4.64    0.10
    1.11    5.09   -0.03
    1.11    5.09   -0.04
    1.11    5.09   -0.02
    1.48    4.02   -0.03
    4.24   -3.78   -0.00
    0.67    6.41    0.00
    4.29   -3.80   -0.04
    4.34   -3.88   -0.20
    4.22   -3.54   -0.05
    3.92   -2.71   -0.03
    4.19   -3.43   -0.07
    4.01   -2.91   -0.03
    1.18    5.01   -0.01
    4.81   -5.11    0.07
    5.92   -8.16    0.09
    1.17    5.05   -0.05
    4.18   -3.27   -0.11
    4.29   -3.44   -0.03
    4.81   -4.75    0.03
    1.27    4.85   -0.06
    1.24    4.95   -0.07
    4.15   -2.89   -0.00
    3.86   -2.05    0.00
    0.70    6.43    0.01
    1.30    4.83   -0.01
    4.18   -2.77   -0.03
    4.18   -2.75   -0.02
    5.05   -4.86    0.02
    4.80   -4.19   -0.01
    4.60   -3.59   -0.07
    2.01    3.16   -0.02
    1.73    3.91   -0.05
    3.40   -0.29   -0.02
    1.76    3.85   -0.01
    1.72    3.98   -0.02
    5.08   -4.36    0.00
    5.30   -4.91   -0.01
    0.93    5.98   -0.02
    0.94    5.98    0.00
    5.81   -5.98   -0.04
    2.36    2.56    0.01
    4.89   -3.38   -0.00
    2.40    2.57   -0.05
    4.29   -1.92   -0.07
    4.09   -1.43   -0.06
    0.66    6.73    0.02
    4.16   -1.53    0.01
    0.97    6.00   -0.01
    0.98    6.00   -0.02
    3.86   -0.80    0.04
    1.80    4.08   -0.03
    2.01    3.59   -0.03
    2.43    2.59   -0.03
    0.67    6.74    0.02
    5.40   -4.31    0.00
    2.07    3.47    0.00
    2.45    2.59   -0.03
    4.24   -1.55    0.01
    2.32    2.90    0.03
    2.34    2.90   -0.02
    4.14   -1.25    0.01
    2.30    3.01   -0.02
    2.35    2.91   -0.00
    1.17    5.61    0.08
    2.31    3.01    0.00
    2.36    2.91   -0.04
    4.49   -1.95   -0.05
    2.36    2.92    0.02
    2.50    2.61   -0.02
    2.37    2.92    0.02
    2.51    2.62   -0.01
    2.38    2.92    0.01
    5.25   -3.55    0.01
    2.52    2.62    0.02
    4.36   -1.50   -0.02
    4.19   -1.05   -0.01
    3.17    1.22    0.02
    2.36    3.03    0.04
    3.72    0.02    0.03
    4.22   -1.08   -0.01
    4.80   -2.33   -0.03
    2.30    3.20   -0.01
    3.20    1.25    0.01
    4.79   -2.26   -0.04
    3.20    1.25   -0.03
    3.21    1.26    0.07
    3.63    0.33    0.03
    3.21    1.27   -0.01
    1.22    5.62   -0.01
    2.36    3.13   -0.02
    0.91    6.30   -0.01
    3.22    1.27   -0.03
    3.75    0.13   -0.03
    1.34    5.38   -0.01
    2.69    2.46    0.01
    0.92    6.30   -0.01
    0.92    6.30   -0.01
    3.24    1.29   -0.05
    3.24    1.29    0.01
    3.93   -0.16    0.07
    1.46    5.20    0.00
    1.14    5.89   -0.01
    0.94    6.31    0.01
    1.14    5.89   -0.01
    1.14    5.89   -0.02
    7.19   -6.84    0.01
    6.08   -4.50    0.14
    2.48    3.07   -0.01
    4.15   -0.44    0.02
    1.15    5.89   -0.01
    3.30    1.37   -0.03
    7.43   -7.30    0.01
    1.31    5.58    0.06
    1.16    5.89    0.00
    4.05   -0.12    0.01
    2.82    2.46    0.02
    3.48    1.10   -0.02
    3.33    1.41    0.03
    4.02    0.04    0.02
    5.68   -3.28   -0.02
    2.69    2.81   -0.01
    3.38    1.47   -0.01
    1.35    5.59    0.07
    1.35    5.59    0.09
    2.38    3.52    0.06
    1.02    6.24    0.07
    3.39    1.49    0.00
    2.75    2.80    0.03
    4.41   -0.53    0.07
    3.40    1.50   -0.04
    3.40    1.50    0.01
    4.83   -1.34   -0.02
    6.01   -3.71   -0.00
    4.83   -1.35   -0.00
    9.34  -10.34   -0.08
    2.93    2.45    0.00
    4.64   -0.82   -0.01
    2.47    3.48    0.00
    5.97   -3.33   -0.02
    2.56    3.32   -0.01
    5.76   -2.86    0.03
    3.46    1.59   -0.02
    0.15    8.02   -0.11
    3.68    1.20   -0.02
    5.81   -2.86    0.04
    4.52   -0.36    0.01
    4.50   -0.30    0.00
    2.78    3.00    0.01
    5.53   -2.20   -0.06
    4.77   -0.68    0.01
    4.43   -0.03    0.05
    4.23    0.34   -0.00
    2.55    3.54    0.01
    4.30    0.28   -0.01
    3.95    0.95    0.00
    1.51    5.49   -0.02
    2.35    3.93   -0.03
    5.88   -2.61   -0.00
    2.64    3.40   -0.00
    2.78    3.16   -0.00
    7.89   -6.18    0.04
    2.59    3.54   -0.03
    4.33    0.35    0.00
    3.58    1.75    0.03
    4.21    0.60    0.00
    4.60   -0.11    0.03
    4.30    0.48    0.04
    7.19   -4.78    0.91
    3.93    1.15    0.02
    2.66    3.46   -0.02
    4.19    0.69    0.01
    4.22    0.65   -0.00
    1.60    5.41   -0.03
    5.12   -0.94    0.01
    5.42   -1.47    0.03
    1.60    5.42   -0.04
    1.61    5.42   -0.00
    6.43   -3.24    0.10
    1.61    5.42   -0.00
    3.25    2.55   -0.02
    9.38   -8.10    0.07
    3.67    1.91   -0.11
    2.57    3.83   -0.07
    2.74    3.54   -0.00
    4.50    0.51   -0.09
    4.45    0.60   -0.01
    3.68    1.93    0.01
    3.17    2.82   -0.04
    2.75    3.55   -0.02
    2.76    3.56   -0.01
    2.77    3.56   -0.00
    3.71    1.96   -0.03
    4.16    1.21   -0.07
    2.91    3.34   -0.01
    2.78    3.56   -0.02
    6.72   -3.15    0.11
    1.67    5.46    0.02
    5.89   -1.71   -0.01
    2.78    3.57   -0.00
    2.79    3.57   -0.03
    2.79    3.57   -0.04
    5.82   -1.56    0.00
    2.79    3.57    0.00
    6.04   -1.92   -0.01
    0.25    7.87   -0.01
    2.79    3.57   -0.01
    2.80    3.58   -0.03
    2.81    3.58   -0.00
    2.81    3.59   -0.02
    3.26    2.84   -0.01
    5.77   -1.37   -0.02
    2.82    3.59    0.01
    6.12   -1.95    0.03
    2.82    3.59    0.01
    2.83    3.59   -0.00
    6.48   -2.47    0.11
    2.83    3.60    0.01
    6.34   -2.24    0.02
    2.84    3.60    0.03
    6.19   -1.93    0.01
    6.06   -1.72   -0.03
    6.59   -2.57   -0.02
    2.85    3.61   -0.01
    7.94   -4.77    0.13
    2.85    3.61    0.01
    2.86    3.61   -0.02
    2.86    3.61    0.03
    4.68    0.66   -0.05
    2.87    3.62    0.01
    2.88    3.62    0.01
    6.10   -1.61   -0.05
    3.79    2.13   -0.03
    2.88    3.63   -0.06
    3.80    2.15    0.03
    3.80    2.15    0.02
   10.38   -8.48    0.24
    2.01    5.07    0.09
    3.82    2.17    0.02
    3.82    2.19    0.01
    3.82    2.20    0.01
    4.42    1.25    0.01
    2.92    3.65    0.01
    6.08   -1.35   -0.01
    6.83   -2.51   -0.05
    6.05   -1.23    0.02
    4.54    1.15    0.01
    5.99   -1.11    0.04
    3.86    2.27   -0.04
    5.08    0.35    0.00
    7.12   -2.77    0.05
    7.13   -2.77    0.04
    3.87    2.30    0.00
    3.87    2.30    0.01
    5.94   -0.89   -0.08
   10.43   -7.80    0.20
    7.21   -2.82    0.06
    5.99   -0.93   -0.06
    4.79    0.93    0.01
    4.74    1.02    0.01
    3.12    3.52   -0.01
    4.41    1.56   -0.00
    6.47   -1.58    0.00
    3.90    2.36    0.01
    4.24    1.85   -0.00
    5.14    0.51   -0.00
    3.92    2.41    0.01
    3.92    2.41   -0.03
    3.22    3.46   -0.00
    6.02   -0.69   -0.03
    6.25   -1.04   -0.04
    6.33   -1.13    0.01
    4.54    1.54    0.02
    5.80   -0.31   -0.01
    6.50   -1.32    0.01
    6.64   -1.51    0.09
    6.55   -1.37    0.10
    2.05    5.29   -0.04
    1.19    6.56    0.01
    5.63    0.06    0.04
    0.88    7.01    0.01
    9.13   -4.94    0.07
    7.04   -1.90   -0.03
    6.01   -0.38    0.01
    5.92   -0.24    0.00
    4.71    1.50    0.00
    1.20    6.57   -0.03
    1.74    5.80   -0.07
    6.18   -0.58   -0.02
    1.21    6.57   -0.00
    1.33    6.40    0.01
    1.21    6.57   -0.02
    1.88    5.62   -0.09
    0.75    7.23    0.26
    1.26    6.51   -0.03
    1.88    5.63   -0.10
    6.53   -0.94    0.02
    5.15    1.02    0.13
    1.89    5.63   -0.10
    5.94   -0.04   -0.05
    3.02    4.06    0.01
    5.81    0.14    0.00
    5.96   -0.05    0.00
    1.23    6.58    0.00
    1.23    6.58   -0.02
    1.23    6.58   -0.00
    1.23    6.59   -0.00
    1.23    6.59   -0.03
    3.27    3.76    0.02
    4.05    2.76   -0.02
    3.01    4.21    0.07
    1.07    6.85   -0.05
    2.17    5.35    0.00
    5.28    1.16   -0.03
    9.92   -4.92    0.13
    2.38    5.13   -0.03
   10.30   -5.41    0.15
    6.29   -0.07    0.09
    4.08    2.87   -0.03
    4.09    2.89   -0.03
    6.69   -0.51   -0.08
    6.53   -0.29   -0.02
    4.87    1.91    0.02
    6.35   -0.02    0.13
    6.59   -0.33   -0.04
    5.99    0.46   -0.01
    1.14    6.81    0.05
    5.92    0.57   -0.01
    5.63    0.95   -0.03
    5.85    0.67   -0.02
    0.32    7.89    0.00
    6.13    0.32   -0.02
    4.28    2.73    0.02
    6.08    0.41   -0.02
    4.66    2.27    0.02
    6.15    0.35   -0.02
    7.47   -1.35    0.12
    5.61    1.06   -0.03
    5.67    0.99   -0.06
    7.39   -1.23    0.09
    6.23    0.29   -0.11
    5.80    0.85   -0.07
    5.86    0.81   -0.01
    4.28    2.85   -0.03
    7.17   -0.69    0.03
    2.80    4.80   -0.02
   11.11   -5.59    0.03
    2.10    5.68   -0.03
    5.74    1.15   -0.02
   11.42   -5.88    0.16
    5.57    1.39   -0.02
    9.26   -3.19    0.08
    5.97    0.97   -0.07
    9.71   -3.60    0.06
    7.39   -0.76   -0.01
    5.48    1.63   -0.02
    2.28    5.53   -0.06
    5.98    1.06   -0.06
    5.82    1.30   -0.06
   11.27   -5.19    0.20
    5.74    1.42   -0.03
    5.83    1.32   -0.05
    1.35    6.69   -0.05
    4.18    3.30   -0.04
    1.00    7.12    0.04
    7.70   -0.74    0.15
    1.05    7.07    0.07
    3.00    4.80   -0.06
    6.97    0.17   -0.03
    4.21    3.42   -0.01
    2.78    5.10   -0.04
    5.74    1.71   -0.03
    4.21    3.48   -0.06
    3.55    4.25    0.03
    2.73    5.20    0.00
    5.76    1.79   -0.02
    7.71   -0.41    0.01
    7.94   -0.59    0.02
    7.74   -0.34    0.10
    7.65   -0.22   -0.02
    7.52   -0.08    0.01
   11.33   -4.28    0.10
    7.70   -0.24    0.05
    7.51   -0.02    0.07
    5.24    2.51   -0.08
    5.92    1.75   -0.07
    6.55    1.07   -0.01
    4.23    3.63   -0.06
    3.25    4.74   -0.03
    3.44    4.54   -0.02
    4.99    2.87   -0.02
    7.60    0.20    0.00
    5.65    2.28   -0.07
    7.61    0.21   -0.01
    7.95   -0.16    0.03
    5.46    2.51   -0.03
    9.36   -1.59    0.12
    4.24    3.86    0.01
    4.25    3.87    0.01
    4.17    3.95   -0.01
    9.23   -1.32    0.09
    5.73    2.35   -0.11
   11.21   -3.34    0.06
    9.82   -1.88    0.25
    4.80    3.33   -0.00
    5.34    2.82    0.01
    4.25    3.95   -0.09
   12.88   -4.84    0.17
    4.25    3.97   -0.03
   11.66   -3.56    0.10
   12.30   -4.21    0.12
    4.25    3.98   -0.02
    6.25    2.00   -0.08
    4.25    4.04   -0.08
    4.25    4.05   -0.07
    4.25    4.05   -0.07
    5.49    2.83    0.02
    5.46    2.87    0.02
    4.25    4.08   -0.05
   10.98   -2.61    0.20
    5.71    2.67   -0.10
    5.99    2.41    0.01
    4.25    4.12    0.01
    5.38    3.01    0.02
    4.25    4.13   -0.00
    8.11    0.36   -0.00
    5.10    3.35   -0.04
    4.49    3.95   -0.04
    8.27    0.36    0.11
    8.44    0.21    0.11
    8.29    0.35    0.11
    3.34    5.13   -0.02
   11.82   -2.74    0.11
    4.24    4.35    0.02
   12.82   -3.61    0.15
   13.08   -3.85    0.15
    7.60    1.56    0.02
    7.45    1.72   -0.00
    8.06    1.19    0.01
    8.07    1.20    0.04
    3.93    4.88   -0.03
    3.93    4.88   -0.03
    2.21    6.38   -0.06
    3.94    4.89   -0.02
    3.94    4.89   -0.03
    4.21    4.66   -0.01
    3.94    4.90   -0.03
    5.30    3.74   -0.01
    3.95    4.91   -0.03
    4.20    4.70   -0.05
    3.96    4.91   -0.02
    3.96    4.91   -0.04
    3.96    4.92   -0.03
    4.20    4.72   -0.05
    3.97    4.92   -0.03
    3.97    4.92   -0.04
    4.19    4.74   -0.04
    4.19    4.74   -0.02
    4.19    4.75   -0.06
    8.26    1.33    0.07
    4.18    4.79   -0.01
    4.18    4.79   -0.03
    8.59    1.11    0.11
    4.18    4.81   -0.06
    2.47    6.24   -0.03
    4.18    4.82    0.03
    7.68    1.92   -0.07
    6.90    2.57    0.10
    4.17    4.86    0.09
    4.17    4.87    0.00
    4.16    4.90    0.02
    5.62    3.72    0.01
    5.51    3.84    0.02
    5.34    4.00   -0.09
    4.15    4.96   -0.01
    4.96    4.34   -0.00
    4.14    4.99   -0.08
    4.14    5.02   -0.03
    4.13    5.03   -0.02
    8.22    1.82    0.15
    8.39    1.69    0.13
    2.96    5.98    0.08
    8.10    1.93    0.08
    3.14    5.86    0.07
    7.89    2.17    0.12
    7.84    2.22    0.13
    8.39    1.80    0.14
    4.40    4.89   -0.05
    7.92    2.17    0.12
    4.11    5.13   -0.05
    4.10    5.16   -0.09
    7.46    2.63    0.05
    3.58    5.59   -0.07
    3.32    5.78   -0.05
    3.66    5.53   -0.04
    4.63    4.80   -0.06
    8.23    2.10    0.02
    8.26    2.10    0.05
    7.80    2.46    0.03
    7.97    2.33    0.04
    1.13    7.47    0.00
    6.39    3.60    0.00
    5.41    4.32    0.03
    4.05    5.34   -0.00
    4.04    5.36    0.00
    4.78    4.84   -0.01
    5.93    4.06    0.12
    4.00    5.47    0.07
   15.43   -2.46    0.79
    3.99    5.52   -0.03
    3.72    5.77   -0.30
    3.93    5.66   -0.01
    8.22    2.79    0.01
    3.92    5.68   -0.01
    5.36    4.73   -0.07
    8.28    2.80    0.07
    8.54    2.71   -0.07
    7.60    3.46   -0.04
    2.88    6.53    0.03
    2.85    6.57    0.04
    5.31    5.12   -0.01
    5.09    5.28   -0.02
    4.91    5.41   -0.02
    1.98    7.13   -0.01
    5.69    4.96    0.11
    5.83    4.90   -0.00
    1.87    7.21    0.00
    7.93    3.68    0.04
    2.71    6.73    0.04
    8.76    3.25    0.02
    1.92    7.23   -0.00
    8.67    3.55   -0.06
    1.93    7.25    0.00
   14.20    0.66    0.24
   13.54    1.27    0.64
    3.45    6.53    0.06
    1.96    7.30    0.00
    7.89    4.29   -0.05
    5.24    5.64    0.05
    3.43    6.56    0.02
    1.96    7.31    0.02
    1.29    7.66    0.04
    8.34    4.25    0.72
    3.51    6.60    0.11
    3.51    6.60   -0.03
   11.80    2.58    0.29
    3.53    6.65    0.46
    3.56    6.71    0.04
   13.04    2.66    0.51
    3.08    6.98    0.05
    3.59    6.77    0.06
    0.98    7.89   -0.02
    3.34    6.96    0.06
    0.57    8.07   -0.01
    1.32    7.80    0.05
    2.20    7.48   -0.04
   11.99    3.92    0.34
    6.58    5.92    0.21
    6.59    5.94    0.20
    6.59    5.94    0.19
    0.81    8.03    0.01
    2.66    7.42    0.14
    2.01    7.64    0.03
    1.43    7.83    0.03
    7.89    5.81   -0.17
    1.53    7.86   -0.05
    8.55    5.87    0.23
   10.42    5.46    0.17
    2.99    7.49    0.03
    8.95    5.95    0.21
    4.72    7.07   -0.04
    1.16    8.00    0.05
    3.40    7.44    0.02
    5.00    7.04    0.04
    7.64    6.42   -0.04
    2.33    7.73    0.00
    1.26    7.99   -0.01
    2.54    7.73   -0.17
    4.67    7.26   -0.09
    4.19    7.38    0.09
   11.92    5.68    0.12
    4.26    7.39    0.13
    4.63    7.31   -0.00
    1.72    7.94    0.02
    1.60    7.96    0.10
    1.47    7.99    0.05
    4.59    7.34    0.07
    4.06    7.46    0.10
    5.31    7.20    0.23
    4.66    7.34    0.23
    4.12    7.45    0.13
    4.44    7.39    0.12
    3.99    7.48    0.19
    6.76    6.91    0.30
    4.93    7.29   -0.00
    5.61    7.16   -0.01
    4.64    7.36    0.10
    4.48    7.40    0.07
    6.64    6.97    0.24
    4.88    7.33   -0.05
    3.27    7.66    0.04
    2.33    7.85    0.01
    4.04    7.52    0.16
    3.86    7.56    0.25
    4.21    7.49   -0.02
    4.42    7.46   -0.00
    4.15    7.51    0.03
    8.04    6.78    0.19
    2.63    7.80    0.00
    1.53    8.01    0.07
    1.38    8.04    0.00
    1.34    8.06    0.02
    6.21    7.18    0.13
    4.58    7.48    0.01
    1.58    8.02    0.03
    0.79    8.16    0.04
    5.32    7.36    0.08
    3.69    7.65   -0.00
    5.49    7.33    0.15
    4.22    7.56    0.16
    3.64    7.67   -0.01
    3.68    7.66    0.05
   10.38    6.53    0.15
   10.54    6.51    0.13
    1.40    8.06    0.01
    3.70    7.69    0.04
    1.44    8.07    0.01
    3.49    7.74   -0.01
    4.09    7.65   -0.01
    3.81    7.71   -1.13
    1.27    8.10    0.03
    1.27    8.11    0.03
    3.44    7.79   -0.00
    4.19    7.68    0.15
    1.48    8.08    0.01
    3.86    7.76    0.16
    3.55    7.82    0.15
    3.72    7.80    0.16
    4.38    7.72    0.18
    4.75    7.68    0.03
    2.09    8.07    0.12
    3.95    7.88    0.05
    4.19    7.86   -0.59
    0.77    8.23   -0.05
    2.99    8.03    0.20
    2.43    8.09   -0.01
    2.55    8.08   -0.00
    6.45    7.76    0.00
   10.89    7.43    0.40
    1.00    8.22   -0.02
    2.85    8.10    0.11
    3.33    8.15   -0.52
    0.90    8.26   -0.06
    2.88    8.20    0.13
    3.02    8.26   -1.99
   10.06    8.29    0.29
    0.03   14.60    0.22
    0.00    8.97    0.03
    0.03   14.60    0.19
    0.04   11.39    0.15
    0.07   11.94   -0.40
    0.08    9.93    0.09
    0.36   15.11    0.33
    0.46   16.70    0.27
    0.53   16.19    0.21
    0.07    9.20   -0.09
    0.48   14.48   -0.09
    0.30   12.07   -0.10
    0.32   12.24   -0.12
    0.19   10.65   -0.06
    0.50   13.99   -0.16
    0.95   18.99    0.74
    0.45   13.13   -0.08
    0.04    8.70    0.12
    0.93   17.65    0.04
    0.99   17.65    0.67
    1.09   18.21    0.45
    1.06   17.94    0.44
    0.97   17.13   -0.03
    0.99   17.21    0.20
    0.97   16.92    0.20
    0.98   16.88    0.20
    1.17   17.43    0.53
    1.13   17.10    0.50
    1.23   17.62    0.52
    1.00   15.72    0.12
    1.10   16.12    0.20
    0.09    8.89    0.08
    0.09    8.89    0.13
    1.38   16.94    0.18
    0.20    9.57    0.17
    0.15    9.19    0.06
    1.34   15.75    0.22
    0.62   11.70   -0.22
    1.47   15.86    0.34
    1.56   16.33    0.37
    0.94   13.08    0.21
    1.04   13.45    0.24
    2.27   18.68    0.68
    0.77   11.65   -0.04
    0.14    8.88    0.10
    0.15    8.95    0.03
    0.50   10.43    0.08
    0.29    9.47    0.05
    0.63   10.84    0.08
    0.30    9.46    0.03
    0.24    9.16    0.12
    0.24    9.16    0.15
    1.59   14.01    0.02
    0.82   11.23    0.02
    0.88   11.40    0.01
    1.41   13.26    0.01
    0.22    9.03    0.07
    2.41   16.28    0.48
    1.03   11.62   -0.06
    1.10   11.83   -0.09
    1.85   14.09   -0.24
    0.23    9.02    0.08
    1.70   13.52   -0.02
    0.57   10.03   -0.01
    1.38   12.49    0.04
    1.85   13.93   -0.13
    0.99   11.28   -0.06
    0.99   11.27   -0.06
    1.72   13.48   -0.10
    1.03   11.37   -0.16
    0.79   10.64    0.02
    0.77   10.56   -0.04
    1.48   12.65   -0.08
    0.25    9.02    0.08
    0.48    9.70    0.04
    1.67   13.11   -0.03
    1.00   11.13   -0.03
    0.45    9.56    0.06
    0.24    8.96    0.03
    1.03   11.12   -0.00
    1.93   13.59   -0.03
    1.03   11.12    0.01
    1.96   13.66   -0.01
    0.92   10.82    0.00
    0.94   10.86    0.01
    0.29    9.09    0.04
    1.04   11.11    0.01
    0.54    9.74    0.04
    0.54    9.72    0.06
    1.21   11.40   -0.07
    1.21   11.41   -0.04
    1.16   11.28   -0.04
    0.97   10.77    0.04
    0.97   10.76    0.04
    0.98   10.76    0.02
    1.19   11.27    0.06
    1.19   11.27    0.06
    0.35    9.18    0.07
    0.91   10.53    0.01
    1.41   11.54   -0.04
    1.43   11.53   -0.10
    0.98   10.45   -0.03
    0.82   10.08    0.01
    2.90   14.52    0.38
    0.93   10.23   -0.06
    0.91   10.18   -0.06
    0.90   10.05    0.11
    1.21   10.60    0.10
    0.43    9.10    0.08
    1.49   11.04   -0.07
    1.75   11.46    0.12
    1.45   10.88   -0.05
    3.68   14.65    0.45
    1.35   10.60    0.09
    1.21   10.34   -0.00
    0.48    9.09    0.01
    1.45   10.68    0.06
    0.31    8.81    0.26
    2.02   11.60    0.25
    1.15   10.14   -0.27
    2.92   12.86    0.01
    1.30   10.33    0.06
    1.99   11.41    0.15
    3.63   13.94    0.33
    1.43   10.52    0.09
    0.79    9.51    0.07
    1.30   10.29   -0.26
    1.80   10.98   -0.11
    2.39   11.84   -0.00
    5.63   16.44    0.44
    1.58   10.56    0.02
    3.20   12.76    0.20
    4.16   14.10    0.20
    3.29   12.88    0.20
    0.86    9.46   -0.02
    1.29   10.02    0.03
    0.89    9.43   -0.10
    6.90   16.89    0.39
    5.61   14.62    0.39
    4.07   12.80   -0.08
    1.35    9.71    0.04
    1.35    9.71    0.05
    1.35    9.70    0.04
    0.70    9.02    0.06
    1.37    9.68    0.03
    4.26   12.52    0.29
    2.14   10.37   -0.03
    1.73    9.97    0.09
    2.51   10.72    0.13
    1.73    9.96    0.09
    2.13   10.34   -0.02
    3.24   11.39    0.18
    2.27   10.45   -0.02
    4.00   12.10    0.24
    3.03   11.15    0.08
    1.68    9.87    0.04
    4.29   12.29    0.31
    1.69    9.86    0.01
    1.30    9.49    0.03
    5.13   12.96   -0.11
    0.82    9.03    0.08
    2.99   10.97    0.11
    1.72    9.82    0.07
    2.67   10.57    0.16
    3.30   11.08    0.02
    0.75    8.92    0.03
    3.24   10.96    0.05
    3.44   11.12   -0.10
    0.46    8.68    0.03
    0.57    8.75    0.04
    0.87    8.97    0.04
    4.49   11.78    0.14
    1.37    9.32   -0.06
    1.38    9.31   -0.05
    3.11   10.41    0.20
    0.73    8.74   -0.00
    0.80    8.78   -0.03
    0.60    8.64   -0.01
    2.63    9.78   -0.05
    2.36    9.61   -0.02
    3.74   10.36    0.16
    3.89   10.43    0.15
    9.31   13.33   -0.04
   10.69   14.07   -0.11
    1.89    9.27    0.11
    6.68   11.47    0.31
    4.37   10.31    0.22
    0.95    8.73   -0.16
    0.91    8.71   -0.15
    0.94    8.71   -0.15
    0.96    8.72   -0.15
    0.78    8.64   -0.12
    0.89    8.69   -0.14
    0.34    8.44   -0.01
    5.31   10.55   -0.36
    0.25    8.40   -0.02
    0.21    8.39   -0.08
    0.21    8.39   -0.08
    0.43    8.47   -0.05
    3.92    9.79    0.24
    3.92    9.78    0.19
    3.94    9.71    0.06
    0.47    8.47   -0.11
    0.48    8.43   -0.08
    3.93    9.27    0.18
    9.82   10.56    0.61
    4.01    9.17   -0.05
    3.71    9.08    0.20
    4.12    9.14   -0.07
    4.00    9.10    0.07
    4.13    9.09   -0.07
    7.07    9.46   -0.03
    0.50    8.37   -0.02
    0.50    8.36   -0.01
    2.18    8.55   -0.01
    1.59    8.49    0.07
    1.59    8.49    0.07
    1.59    8.48    0.09
   22.21   10.84    0.95
   20.79   10.64    0.89
    1.35    8.45    0.07
    4.27    8.78   -0.13
   21.18   10.63    1.00
   21.42   10.65    1.00
    3.74    8.70    0.02
    1.81    8.48   -0.00
    0.15    8.31   -0.05
    0.15    8.30   -0.05
   -0.08    4.84    0.35
   -0.16    4.80    0.03
   -0.09    2.19    0.01
   -0.04    0.98    0.00
   -0.10    1.59   -0.10
   -0.21    2.94   -0.21
   -0.12    1.39   -0.04
   -0.02    0.21   -0.12
   -0.67    5.53   -1.59
   -0.27    1.78    0.12
   -0.31    2.00    0.04
   -0.27    1.74    0.03
   -0.35    2.20    0.03
   -0.13    0.83    0.01
   -0.08    0.51    0.01
   -0.31    1.99    0.14
   -2.37   13.92   -5.94
   -0.39    2.27    0.01
   -0.50    2.91    0.02
   -0.55    3.16    0.03
   -0.09    0.52   -0.24
   -0.36    2.07    0.01
   -0.42    2.17    0.03
   -0.67    3.25   -0.07
   -0.43    2.05    0.03
   -0.32    1.49   -0.10
   -0.91    4.19    0.27
   -0.34    1.55   -0.00
   -0.35    1.55   -0.00
   -0.35    1.55   -0.00
   -0.35    1.55   -0.00
   -0.35    1.55    0.00
   -1.95    8.49   -0.09
   -0.40    1.73    0.00
   -1.52    6.37   -2.52
   -0.46    1.83   -0.06
   -0.22    0.86   -0.02
   -0.13    0.48   -0.13
   -0.26    1.00   -0.35
   -1.03    3.87   -0.08
   -0.93    3.50   -0.08
   -0.13    0.48   -0.10
   -0.54    1.93   -0.00
   -0.64    2.20   -0.05
   -1.08    3.74   -0.08
   -1.50    5.06   -0.15
   -0.92    3.13   -0.16
   -2.68    8.87   -0.50
   -1.36    4.41   -0.25
   -1.19    3.71   -0.16
   -1.52    4.72   -0.20
   -2.77    7.25   -0.21
   -1.42    3.62    0.11
   -1.53    3.86    0.12
   -0.44    1.06    0.05
   -0.31    0.74    0.03
   -1.05    2.14   -0.10
   -0.19    0.38   -0.12
   -0.99    1.98   -0.07
   -0.19    0.38   -0.12
   -0.19    0.38   -0.15
   -0.86    1.70   -0.07
   -0.20    0.38   -0.17
   -0.20    0.38   -0.14
   -1.55    2.84   -0.16
   -0.67    1.23   -0.06
   -0.48    0.87   -0.33
   -0.21    0.38   -0.14
   -0.21    0.38   -0.14
   -2.49    4.30   -0.07
   -0.59    1.01   -0.05
   -4.04    6.78   -0.35
   -2.07    3.43   -0.07
   -0.61    1.00   -0.01
   -3.42    5.57    0.12
   -3.47    5.64    0.12
   -3.38    5.43   -0.13
   -4.18    6.69   -0.16
   -3.39    5.42   -0.08
   -3.08    4.89   -0.11
   -4.71    7.23   -0.33
   -0.68    1.01   -0.27
   -4.39    6.56    0.08
   -1.00    1.37    0.00
   -0.81    1.07   -0.00
   -4.78    6.27   -0.19
   -0.81    1.06   -0.00
   -0.81    1.06    0.01
   -1.80    2.34   -0.00
   -0.82    1.06   -0.00
   -1.70    2.17   -0.01
   -1.67    2.12   -0.02
   -1.79    2.28   -0.02
   -4.69    5.85    0.24
   -5.33    6.62   -0.67
   -0.73    0.89   -0.08
   -6.15    7.20   -0.46
   -0.67    0.77   -0.04
   -0.88    1.01   -0.04
   -0.88    1.01   -0.06
   -2.85    3.18   -0.19
   -0.69    0.72   -0.03
   -0.70    0.72   -0.05
   -2.26    2.32    0.07
   -1.01    1.04   -0.03
   -0.95    0.97   -0.02
   -1.12    1.14   -0.06
   -0.70    0.71   -0.05
   -0.94    0.96   -0.02
   -0.70    0.71   -0.01
   -1.11    1.12   -0.03
   -1.02    1.01   -0.06
   -0.71    0.70   -0.04
   -1.08    1.03   -0.02
   -1.04    0.99   -0.01
   -2.74    2.49   -0.01
   -3.49    2.98    0.01
   -3.34    2.71    0.11
   -3.35    2.70    0.11
   -3.36    2.68   -0.33
   -3.31    2.58   -0.17
   -1.33    1.02    0.03
   -1.19    0.88   -0.24
   -3.47    2.54   -0.01
   -3.49    2.51   -0.03
   -3.50    2.49    0.06
   -3.51    2.48   -0.02
   -1.06    0.75   -0.23
   -3.67    2.57    0.05
   -2.06    1.41   -0.18
   -2.57    1.68    0.11
   -4.53    2.94   -0.12
   -1.35    0.87   -0.18
   -4.62    2.63    0.01
   -3.57    1.81    0.03
   -5.57    1.89   -0.20
   -1.08    0.32   -0.03
   -1.52    0.45   -0.04
   -2.88    0.85   -0.01
   -3.92    1.12   -0.04
   -3.67    1.05   -0.01
   -2.89    0.80   -0.01
   -7.33    2.01    0.03
  -10.65    2.36   -0.43
   -1.17    0.26    0.01
   -6.61    1.21   -0.32
   -6.90    1.26   -0.16
   -1.18    0.21   -0.00
   -1.18    0.21    0.01
   -1.99    0.32    0.00
   -9.01    1.40   -0.14
   -2.49    0.38   -0.06
   -0.66    0.10    0.01
   -2.62    0.39   -0.10
   -7.41    1.09   -0.19
   -2.39    0.30   -0.11
   -1.09    0.14    0.03
   -0.94    0.12    0.01
   -1.60    0.19    0.04
   -3.03    0.36    0.03
   -1.20    0.13    0.01
   -1.41    0.16   -0.01
   -1.47    0.16   -0.01
   -1.85    0.19    0.06
   -0.91    0.09    0.02
   -1.69    0.16    0.00
   -1.38    0.13   -0.01
   -1.80    0.16    0.04
   -2.01    0.18    0.06
   -4.31    0.37   -0.07
   -0.91    0.08    0.02
   -1.81    0.15    0.01
   -6.12    0.50   -0.23
   -1.24    0.05   -0.02
   -1.40    0.05   -0.02
   -2.57    0.10    0.00
   -1.40    0.05   -0.03
   -2.05    0.07   -0.03
   -3.10    0.10   -0.12
   -1.30    0.04   -0.02
   -2.60    0.04   -0.05
   -3.05    0.04   -0.06
   -2.60    0.04   -0.07
   -2.79    0.03   -0.06
   -9.69    0.09   -0.25
   -2.31    0.02   -0.05
   -2.45    0.01   -0.05
  -10.18    0.03   -0.01
   -1.87    8.30   -0.01
   -3.40    8.28    0.05
   -6.40    7.89   -0.15
   -2.69    8.11   -0.05
   -6.95    7.00   -0.15
   -2.76    7.76   -0.07
   -2.25    7.86   -0.07
   -4.05    7.47   -0.18
   -3.89    7.50   -0.07
   -2.32    7.81   -0.07
   -6.17    6.99   -0.15
   -6.82    6.85   -0.14
   -5.83    7.05   -0.19
   -6.81    6.83   -0.01
   -3.73    7.49   -0.07
   -3.03    7.64   -0.10
   -4.15    7.37   -0.06
   -3.02    7.62   -0.13
   -5.07    7.10   -0.05
   -6.17    6.84   -0.12
   -5.77    6.93   -0.04
   -3.21    7.53   -0.06
   -5.34    6.97   -0.09
   -5.55    6.92   -0.09
   -2.01    7.80   -0.01
   -4.84    7.07   -0.10
   -5.33    6.95    0.04
   -5.33    6.94   -0.03
   -3.20    7.48    0.02
   -5.66    6.83   -0.02
   -5.23    6.93   -0.05
   -6.02    6.72   -0.04
   -5.92    6.74    0.03
   -0.56    8.15   -0.02
   -4.84    6.98   -0.00
   -0.16    8.26    0.00
   -0.13    8.26    0.00
   -5.95    6.64   -0.09
   -2.50    7.59    0.00
   -2.50    7.57   -0.01
   -4.28    7.06    0.01
   -5.49    6.69   -0.18
   -8.88    5.69   -0.22
   -8.82    5.70   -0.24
   -2.49    7.55   -0.04
   -1.72    7.77    0.08
   -2.48    7.53    0.00
   -2.48    7.53    0.02
   -5.34    6.63    0.06
   -2.48    7.52   -0.03
   -2.48    7.52   -0.03
   -2.48    7.52   -0.03
   -2.48    7.51   -0.04
   -6.78    6.11   -0.17
   -2.47    7.50   -0.04
   -7.35    5.82   -0.01
   -7.79    5.67   -0.05
   -6.14    6.23    0.07
   -6.34    6.12    0.03
   -7.56    5.69   -0.05
   -2.73    7.33    0.01
   -2.69    7.35    0.01
   -7.53    5.60   -0.16
   -7.52    5.58   -0.11
   -8.88    5.08   -0.15
   -4.09    6.79   -0.23
   -2.53    7.36    0.08
   -2.67    7.31   -0.14
   -7.49    5.50   -0.11
   -2.62    7.31    0.01
   -6.97    5.64   -0.18
   -7.37    5.46   -0.11
   -6.93    5.61   -0.03
   -0.91    7.94   -0.01
   -6.69    5.67   -0.02
   -7.34    5.39   -0.07
   -8.91    4.75   -0.25
   -8.49    4.89   -0.11
   -7.33    5.35   -0.14
   -2.13    7.44    0.07
   -3.05    7.05   -0.28
   -7.46    5.15   -0.13
  -12.63    2.93   -0.25
   -2.29    7.30   -0.06
   -2.02    7.42   -0.06
   -9.45    4.13   -0.13
   -9.48    4.09   -0.18
   -2.28    7.28   -0.10
   -1.38    7.67   -0.04
   -8.91    4.21   -0.20
   -2.00    7.38   -0.07
   -1.99    7.37   -0.06
  -10.56    3.34   -0.13
   -8.36    4.27   -0.03
   -9.13    3.73   -0.17
   -9.08    3.57   -0.14
   -9.55    3.30   -0.18
   -0.12    8.23   -0.01
   -8.87    3.55   -0.14
   -9.82    3.03   -0.06
   -9.21    3.29   -0.02
   -3.19    6.55   -0.11
   -9.40    3.13   -0.06
   -9.12    3.28    0.02
   -9.47    3.08   -0.08
   -9.26    3.16    0.03
   -7.62    4.05    0.00
   -4.71    5.65   -0.02
   -4.76    5.51    0.05
   -9.76    2.56   -0.04
   -8.33    3.39   -0.03
   -3.75    6.05    0.09
   -3.76    6.03    0.07
   -5.19    5.17   -0.02
   -3.81    5.94    0.08
   -1.78    7.19   -0.00
   -1.78    7.18    0.01
  -10.25    1.86   -0.20
   -4.47    5.45   -0.00
  -10.26    1.77   -0.16
   -1.77    7.17    0.01
   -1.77    7.16    0.05
   -9.90    1.84   -0.20
   -9.84    1.79   -0.10
  -10.42    1.41   -0.15
  -10.30    1.37   -0.14
  -10.59    1.06   -0.08
   -1.47    7.29    0.02
  -10.16    1.28   -0.21
  -10.03    1.34   -0.13
   -1.82    7.04    0.05
   -2.74    6.39    0.04
   -2.52    6.54    0.03
   -5.19    4.66    0.01
   -2.95    6.23    0.01
   -3.01    6.18   -0.02
   -5.11    4.70    0.00
   -4.72    4.97    0.02
   -3.07    6.13    0.01
   -5.76    4.22   -0.00
   -5.06    4.71    0.02
   -5.22    4.57    0.04
   -4.38    5.17   -0.00
   -1.27    7.39   -0.02
   -4.03    5.41    0.14
   -3.94    5.46    0.01
   -5.80    4.12   -0.03
   -1.99    6.87   -0.00
   -5.70    4.17    0.00
   -1.86    6.94    0.01
   -1.85    6.94    0.00
   -0.90    7.64   -0.01
   -5.94    3.73   -0.08
   -5.84    3.80   -0.03
   -2.42    6.44   -0.02
   -5.75    3.87   -0.03
   -4.90    4.50    0.04
   -3.16    5.85    0.02
  -11.49   -0.69   -0.27
   -7.33    2.56   -0.07
   -3.12    5.80    0.04
   -0.06    8.25   -0.00
   -3.27    5.68    0.04
   -3.55    5.45    0.04
   -0.99    7.50   -0.01
   -3.11    5.78    0.01
   -3.10    5.77   -0.05
   -3.08    5.75   -0.05
   -3.07    5.73    0.03
   -3.42    5.41    0.06
   -8.95    0.74   -0.03
  -10.14   -0.37   -0.05
  -11.01   -1.19   -0.15
  -10.83   -1.04   -0.10
   -4.20    4.67   -0.04
   -9.74   -0.11   -0.10
  -10.48   -0.77   -0.09
   -2.19    6.40    0.02
  -11.08   -1.37   -0.07
   -2.86    5.80   -0.03
   -6.26    2.82   -0.01
   -4.21    4.61    0.07
   -2.18    6.39   -0.00
  -11.63   -1.93   -0.13
   -5.44    3.50    0.08
   -4.22    4.57    0.04
   -5.65    3.30   -0.06
   -8.71    0.58    0.05
  -10.76   -1.26   -0.15
   -3.32    5.35    0.02
  -11.01   -1.49   -0.10
   -1.12    7.30   -0.01
   -4.22    4.52   -0.02
   -2.84    5.76    0.01
   -5.86    3.04    0.03
   -5.62    3.22    0.04
   -0.45    7.89    0.01
   -1.29    7.13   -0.01
   -5.88    2.83   -0.06
   -7.12    1.59   -0.06
   -1.09    7.27   -0.01
   -8.35    0.39    0.04
   -5.99    2.60    0.05
   -2.75    5.69   -0.08
   -6.30    2.28   -0.03
   -2.82    5.60   -0.06
   -5.15    3.31    0.06
   -4.70    3.73    0.04
   -4.99    3.45    0.05
   -5.70    2.75    0.01
   -9.59   -1.40   -0.06
   -8.19   -0.18   -0.04
   -5.35    2.73   -0.07
   -8.66   -0.79   -0.08
   -2.46    5.68   -0.00
   -2.45    5.67    0.02
   -2.44    5.65    0.02
   -6.27    1.51    0.03
   -1.87    6.26    0.01
  -10.31   -2.92   -0.15
   -2.43    5.64   -0.02
   -6.49    1.16    0.02
   -9.68   -2.41   -0.01
   -2.41    5.63   -0.05
   -6.16    1.44    0.01
   -7.04    0.46   -0.08
  -11.04   -3.99   -0.13
   -1.70    6.40   -0.06
   -1.59    6.49   -0.03
   -7.43   -0.17   -0.04
   -1.64    6.43   -0.01
   -7.28   -0.05   -0.04
   -6.81    0.44    0.08
   -7.50   -0.38   -0.08
   -1.88    6.12    0.05
   -7.77   -0.76   -0.01
   -0.79    7.36    0.02
   -0.44    7.78   -0.01
   -0.79    7.36    0.02
   -1.77    6.17    0.04
   -1.34    6.69    0.02
   -5.37    1.84   -0.04
   -3.02    4.67   -0.03
   -7.98   -1.32   -0.05
   -5.48    1.69   -0.05
   -2.11    5.76   -0.06
   -1.83    6.09   -0.10
   -8.30   -1.73    0.03
   -5.79    1.24    0.04
   -8.09   -1.58    0.04
   -1.88    5.99   -0.02
   -5.72    1.22   -0.08
   -2.35    5.39   -0.04
   -1.53    6.36    0.05
   -2.18    5.50    0.04
   -6.97   -0.76    0.04
   -2.16    5.47   -0.03
   -1.63    6.14    0.07
   -5.50    0.88   -0.01
   -6.17   -0.11   -0.05
   -5.93    0.17    0.01
   -2.56    4.76   -0.07
   -3.72    3.15    0.03
   -4.03    2.71    0.01
   -5.25    0.83   -0.09
   -9.57   -5.34   -0.17
   -1.74    5.77    0.02
   -2.33    4.83   -0.02
   -1.01    6.79    0.03
   -1.01    6.79    0.02
   -2.18    5.02   -0.03
   -1.01    6.78    0.03
   -2.34    4.77   -0.06
   -1.98    5.32   -0.02
   -1.52    6.00    0.03
   -5.22    0.40    0.03
   -1.00    6.78    0.02
   -2.04    5.20   -0.03
   -2.00    5.25   -0.04
   -1.56    5.92    0.03
   -5.52   -0.12   -0.04
   -5.75   -0.48   -0.10
   -5.69   -0.43   -0.09
   -1.68    5.72   -0.01
   -1.81    5.53   -0.06
   -2.24    4.85    0.00
   -1.90    5.38   -0.01
   -0.99    6.77    0.01
   -2.14    5.00   -0.02
   -5.61   -0.35    0.01
   -2.88    3.85    0.05
   -1.89    5.35   -0.03
   -4.68    0.98    0.03
   -5.01    0.47    0.07
   -1.40    6.10   -0.04
   -2.41    4.51   -0.03
   -2.52    4.30   -0.03
   -1.65    5.69   -0.03
   -3.64    2.52    0.01
   -5.84   -1.00    0.00
   -1.58    5.78   -0.03
   -1.88    5.29   -0.01
   -4.73    0.71    0.05
   -3.13    3.26    0.06
   -1.53    5.84   -0.03
   -1.73    5.49   -0.03
   -3.05    3.36    0.05
   -5.57   -0.81    0.05
   -1.85    5.27   -0.03
   -5.89   -1.43   -0.02
   -1.49    5.84    0.03
   -2.99    3.33    0.06
   -1.50    5.80   -0.02
   -5.02   -0.14    0.02
   -3.73    2.01    0.02
   -2.39    4.26   -0.04
   -2.42    4.21   -0.01
   -5.26   -0.61    0.09
   -3.72    1.99    0.03
   -4.77    0.11    0.02
   -1.33    6.00   -0.00
   -1.67    5.40    0.06
   -2.84    3.33    0.05
   -4.90   -0.30   -0.07
   -1.92    4.88   -0.03
   -1.88    4.92   -0.03
   -2.63    3.57   -0.02
   -2.68    3.48   -0.02
   -3.60    1.79   -0.02
   -1.98    4.72   -0.03
   -2.07    4.55   -0.04
   -2.56    3.66   -0.02
   -4.92   -0.63    0.02
   -2.12    4.45   -0.03
   -3.58    1.77   -0.02
   -1.99    4.67   -0.02
   -2.36    3.97   -0.00
   -1.69    5.21    0.07
   -5.64   -2.02    0.10
   -1.95    4.72   -0.03
   -4.55   -0.09   -0.01
   -4.23    0.50   -0.02
   -1.79    4.95   -0.07
   -1.78    4.94   -0.03
   -1.55    5.35   -0.01
   -5.36   -1.92   -0.11
   -1.76    4.93   -0.02
   -1.75    4.93   -0.01
   -1.75    4.92   -0.04
   -4.32   -0.09   -0.00
   -1.74    4.92   -0.10
   -1.74    4.92   -0.04
   -0.79    6.76    0.05
   -1.73    4.91    0.05
   -1.65    5.07   -0.03
   -0.77    6.78    0.06
   -1.61    5.12   -0.03
   -3.42    1.54   -0.01
   -5.36   -2.33    0.01
   -1.71    4.91   -0.02
   -5.04   -1.75   -0.03
   -5.36   -2.45   -0.03
   -1.49    5.29   -0.01
   -1.68    4.89   -0.03
   -1.10    6.08    0.02
   -4.72   -1.45    0.01
   -1.52    5.14    0.06
   -4.53   -1.22    0.15
   -5.52   -3.37   -0.02
   -7.48   -7.54   -0.20
   -5.19   -2.70   -0.14
   -5.01   -2.73   -0.06
   -4.58   -1.86   -0.02
   -1.50    4.95   -0.01
   -2.01    3.79    0.02
   -1.41    5.12   -0.05
   -4.18   -1.25   -0.02
   -2.22    3.22   -0.02
   -0.56    7.02   -0.01
   -4.53   -2.10    0.01
   -4.15   -1.24   -0.03
   -0.56    7.02   -0.04
   -4.14   -1.25   -0.03
   -3.09    1.13    0.01
   -4.23   -1.53    0.01
   -0.74    6.56   -0.01
   -4.22   -1.56    0.01
   -4.29   -1.73   -0.00
   -4.29   -1.75   -0.02
   -3.06    1.10   -0.00
   -4.45   -2.19    0.06
   -4.24   -1.75   -0.03
   -4.38   -2.10   -0.01
   -4.58   -2.64   -0.02
   -1.22    5.36   -0.02
   -3.00    1.04   -0.04
   -4.54   -2.74   -0.01
   -4.53   -2.73   -0.04
   -4.61   -2.95   -0.01
   -4.11   -1.72    0.02
   -4.52   -2.78   -0.02
   -1.18    5.39   -0.03
   -4.46   -2.74   -0.03
   -4.64   -3.22    0.00
   -4.71   -3.41   -0.02
   -4.50   -2.92   -0.04
   -4.73   -3.60    0.03
   -4.91   -4.10    0.04
   -1.12    5.48   -0.02
   -4.65   -3.44    0.01
   -5.82   -6.40   -0.07
   -4.77   -3.75    0.00
   -3.39   -0.33   -0.02
   -1.89    3.45    0.06
   -1.48    4.48    0.03
   -4.92   -4.45    0.09
   -0.97    5.78   -0.00
   -1.87    3.45    0.05
   -2.38    2.07   -0.03
   -1.79    3.60    0.01
   -0.96    5.78   -0.02
   -3.95   -2.14    0.03
   -3.61   -1.35    0.03
   -3.39   -0.76    0.02
   -4.59   -4.03   -0.03
   -3.38   -0.77    0.01
   -0.91    5.84   -0.05
   -4.88   -4.99    0.07
   -0.94    5.73   -0.06
   -4.15   -3.06   -0.02
   -3.13   -0.28    0.01
   -1.88    3.14   -0.05
   -1.34    4.60   -0.02
   -1.66    3.73    0.08
   -4.17   -3.21   -0.03
   -1.49    4.14    0.04
   -1.30    4.67   -0.03
   -3.13   -0.42   -0.01
   -1.19    4.97   -0.01
   -0.82    5.94   -0.04
   -4.09   -3.50   -0.08
   -1.10    5.08   -0.01
   -4.10   -3.71   -0.08
   -1.15    4.92   -0.01
   -1.09    5.08   -0.02
   -4.53   -5.39    0.01
   -3.90   -3.65   -0.04
   -4.74   -6.26    0.05
   -1.36    4.08    0.03
   -2.46    0.58    0.04
   -3.17   -1.66    0.02
   -4.48   -5.80   -0.01
   -3.75   -3.74    0.03
   -3.74   -3.89   -0.07
   -0.58    6.39    0.04
   -3.87   -4.46   -0.01
   -0.90    5.31   -0.02
   -3.81   -4.55   -0.01
   -3.71   -4.25   -0.11
   -3.67   -4.24   -0.00
   -3.81   -4.75   -0.05
   -4.81   -8.38    0.03
   -0.77    5.64   -0.03
   -0.71    5.80   -0.03
   -1.33    3.51    0.00
   -4.27   -7.18   -0.01
   -3.37   -3.97    0.08
   -0.82    5.25   -0.07
   -3.51   -4.81   -0.05
   -0.57    6.17    0.07
   -0.61    6.00    0.06
   -2.75   -2.03    0.03
   -0.54    6.24   -0.03
   -0.61    6.00    0.04
   -0.71    5.60   -0.02
   -0.60    6.00    0.06
   -2.71   -2.07    0.19
   -2.71   -2.08    0.28
   -0.60    6.00    0.06
   -0.63    5.87   -0.04
   -0.60    6.00    0.01
   -2.69   -2.11    0.28
   -0.50    6.36    0.01
   -0.50    6.36    0.01
   -2.69   -2.12    0.02
   -2.68   -2.12   -0.01
   -2.67   -2.13    0.00
   -2.66   -2.16    0.15
   -2.64   -2.17    0.01
   -2.61   -2.22   -0.00
   -2.61   -2.22   -0.01
   -2.58   -2.11   -0.01
   -1.35    2.81   -0.01
   -2.54   -2.31   -0.00
   -2.54   -2.31    0.02
   -2.49   -2.36    0.06
   -0.04    8.10    0.07
   -0.44    6.35    0.08
   -1.22    2.86    0.03
   -1.20    2.87    0.01
   -1.19    2.88    0.02
   -0.76    4.76    0.00
   -1.31    2.21   -0.03
   -2.32   -2.54   -0.15
   -1.15    2.89   -0.04
   -2.30   -2.57    0.05
   -2.28   -2.58    0.05
   -1.13    2.91    0.02
   -0.27    7.03    0.01
   -0.69    4.99   -0.06
   -0.40    6.35   -0.03
   -0.67    4.99   -0.03
   -0.43    6.15   -0.03
   -3.05   -6.99    0.09
   -0.66    4.99   -0.06
   -2.16   -2.70   -0.04
   -1.10    2.57    0.01
   -2.12   -2.73    0.00
   -1.03    2.94    0.00
   -0.70    4.64   -0.06
   -0.64    4.82   -0.07
   -2.01   -2.81    0.02
   -0.39    6.13   -0.02
   -0.04    8.10    0.08
   -1.98   -2.85    0.02
   -0.28    6.72    0.01
   -2.20   -4.18    0.10
   -1.87   -2.42    0.02
   -1.97   -3.05    0.00
   -1.86   -2.63    0.03
   -1.85   -2.57    0.02
   -0.22    6.97    0.02
   -0.24    6.86    0.02
   -2.23   -5.31   -0.12
   -1.83   -2.95   -0.01
   -2.61   -7.83   -0.01
   -2.24   -5.80   -0.13
   -2.15   -5.25   -0.14
   -0.21    6.97    0.02
   -2.87   -9.88    0.05
   -0.21    6.97    0.02
   -0.21    6.97    0.01
   -2.60   -8.59    0.21
   -0.03    8.10    0.06
   -0.20    6.97    0.02
   -0.20    6.97    0.01
   -0.20    6.97    0.02
   -0.20    6.97    0.02
   -0.21    6.88    0.02
   -1.99   -4.93   -0.11
   -0.78    3.01   -0.03
   -1.71   -3.30    0.04
   -0.38    5.74   -0.06
   -0.20    6.96    0.01
   -2.59   -9.45    0.21
   -0.37    5.74   -0.05
   -0.11    7.56   -0.01
   -0.03    8.10    0.04
   -0.72    3.02   -0.01
   -0.70    3.03   -0.01
   -0.13    7.31    0.04
   -0.68    3.02   -0.02
   -1.46   -3.04    0.03
   -2.19   -9.12    0.39
   -0.74    2.37   -0.02
   -0.22    6.53    0.03
   -0.21    6.53    0.01
   -0.21    6.53    0.02
   -0.21    6.53    0.03
   -0.61    3.05   -0.02
   -0.61    3.05   -0.01
   -0.39    4.93   -0.02
   -3.62  -32.54    0.23
   -1.51   -8.84   -0.16
   -3.88  -37.29   -0.24
   -2.62  -23.18    0.04
   -1.53  -11.30   -0.03
   -0.41    3.08   -0.01
   -2.90  -29.28    0.19
   -0.40    3.08    0.03
   -0.09    7.10    0.00
   -1.43  -10.74    0.12
   -0.39    3.07    0.03
   -0.39    3.07   -0.00
   -2.57  -26.10    0.08
   -0.39    3.07    0.01
   -1.41  -10.89   -0.08
   -0.09    7.10    0.03
   -2.21  -25.31    0.04
   -1.34  -13.43   -0.00
   -1.35  -14.12   -0.03
   -0.77   -9.75   -0.17
   -0.04    6.80   -0.05
   -0.03    5.73   -0.01
   -0.01    6.80   -0.01
   -0.00    6.80   -0.01
